+60124023783
+60104624896
+06055451249
+60122166211
+60187682764
+60123785077
+60129065477
+601110510900
+60129526998
+60109294100
+60184697417
+60177167564
+60135794591
+60122928872
+60123746651
+601111923787
+60162151423
+60172763329
+60164480805
+60173667332
+60122340334
+60162216658
+601131733880
+60601277160
+60124328488
+601112888177
+60177313631
+60127089599
+601118765555
+60126553653
+60198007809
+60198006366
+60127319609
+60135272277
+60164005153
+60163497936
+60126112851
+60168351002
+60164408833
+60182062026
+60165538144
+60192623814
+60194311396
+60177311108
+601110698875
+60129854166
+60167767200
+60147938783
+60178533018
+60168988653
+60125919791
+60168520929
+60122786899
+601127601087
+60125446510
+60175113199
+60164278200
+60128072255
+60104071202
+60169013700
+60176362584
+601113135691
+06016592381
+60127011667
+60165923481
+60194925558
+60123543544
+60168628990
+60102203673
+60164229983
+60138019019
+60127105456
+60126196195
+613423688009
+60192491829
+60134098333
+60176521988
+60169887828
+60162570095
+606590113677
+60129833678
+60162633354
+60126292664
+06057474744
+60173521329
+60162120848
+60188734838
+60172765887
+60175045339
+60124303011
+60174758636
+606591634856
+60108102233
+60164630973
+60189887886
+60166464617
+60146206252
+60173009388
+60197791227
+60109111189
+60122371938
+60129341350
+60163093977
+60167052896
+60127165588
+60175670491
+601133160435
+60102268327
+60169723954
+60124506025
+60168977372
+60198883293
+60127603218
+60127378932
+60164118514
+601112623233
+06090113677
+60169444995
016424 5374
+60178798080
+60109592529
+601126202889
+60139831588
+601110550519
+60192286668
0173010832 Asraf
+60122130006
+60146105285
+60102123653
+60167517606
+60168367158
+60129799892
+60192664435
+60102762452
+60165687271
+60165968913
+60123286382
+60189890979
+60146329003
+60173278557
+60167177952
+60168617181
+60173558816
+60168841157
+60167173967
+606583102380
+60174779968
+601110870125
+60139201810
+60166795699
+60167787530
+60103850068
+60168989063
+60184683992
+60162507128
+60168564683
+60162197155
+60183222355
+60168529849
+60147257381
+60167131606
+60167221717
+60165978012
+60189774412
+60197442361
+60124213582
+60149991214
+60178229930
+60192286668
+60109605120
+06086069199
+60189466327
+601120314953
