+60124023783
+60197791227
+60164630973
+601111923787

+60127603218
+60167052896
+60189890979
+60124506025
+60194925558
+60175113199
+60162570095
+60174758636
+60129854166
+60162216658
+60108102233
+60129833678
+60188734838
+60129799892
+60122166211
+60126553653
+60192623814
+60601277160
+601110510900
+60172763329
+60129526998
+60124328488
+60135794591
+60109294100
+601131733880
+60163093977
+60122928872
+601118765555
+60176521988




+60162151423
+60129341350
+60102762452
+60173521329
+06057474744
+60182062026
+60187682764
+60168988653
+60168977372
+60104624896
+60189887886
+60109111189
+601127601087
+60198007809
+60169013700
+601126202889
+60162633354
+60192664435
+601110550519
+60172765887
+60173667332
+60147938783
+60164005153
+60128072255
+60164229983
+60165968913
+06055451249
+60173009388
+60163497936
+60167767200
+60162120848
+60177167564
+60165538144
+60123785077
+60122340334
+60166464617
+60177311108
+60122371938
+60184697417
+60167517606
+60167177952
+60123543544
+60109592529
+60194311396
+601113135691
+60198883293
+60164480805
+60127165588
+60102268327
+60122786899
+60146329003
+601112888177
+60126292664
+60177313631
+60168628990
+60125919791
+606591634856
+60126112851
+60123746651
+606583102380
+60198006366
+60102203673
+60168841157
+60192491829
+60165923481
+60134098333
+60146105285
+60138019019
+60124303011
+06090113677
+606590113677
+60178798080
+60173558816
+60176362584
+60127105456
0173010832 Asraf
+60175045339
+60167787530
+60103850068
+60165687271
+60178533018
+60127319609
+613423688009
+60169444995
+60104071202
+601110698875
+60169723954
+60164118514
+60169887828
+60164408833
+60166795699
+60173278557
+60168520929
+60123286382
+60126196195
+60175670491
+60164278200
+60125446510
+06016592381
+60129065477
+60184683992
016424 5374
+601133160435
+60168367158
+60168564683
+60197442361
+60168617181
+60102123653
+601112623233
+60168351002
+60127378932
+60174779968
+60183222355
+60189774412
+60178229930
+60122130006
+60167221717
+60168529849
+60124213582
+60146206252
+60109605120
+60167131606
+60192286668
+60162197155
+60139831588
+60135272277
+60167173967
+60168989063
+60192286668
+60127011667
+60149991214
+60162507128
+601110870125
+60139201810
+60147257381
+60189466327
+06086069199
+60127089599
+60165978012
+601120314953
